-1.858112879635755166e-02
-1.505027774939671822e-03
6.129000164997881576e-03
-1.806883949406014322e-02
1.961977823591137815e-02
1.881001190199832820e-02
2.994380826720075689e-02
1.374597975320732829e-02
-2.233474700999592191e-03
-1.562415799584677099e-02
1.815474731700004486e-03
-1.005283732019242142e-03
-2.566600296830281319e-03
3.753144273630473239e-03
1.445713127864316303e-03
-1.170764601015629805e-02
-2.496398355426988902e-02
6.167691586258680593e-04
-2.660213271750587125e-03
4.931430854528177053e-03
2.621468477804359334e-02
2.144640667986184770e-03
-2.272668362687780066e-02
1.813104254426178494e-02
-1.321252795352018464e-02
-1.932088833377275730e-02
-9.038726800937259623e-03
7.823110010977440618e-03
-1.009831399470509372e-02
-9.295144436526915285e-03
5.443096568070006532e-03
-6.088671861947046434e-04
1.951640313359061935e-02
1.784090260919869372e-02
-1.840501502094999201e-02
-2.093742735263524543e-02
-1.688586657315157072e-02
-1.586705988370182285e-02
8.862872457422264066e-03
1.760756911517633375e-02
7.751332423498621255e-03
1.545924064620918942e-02
-1.052435242487180511e-02
1.346666775618104951e-03
-1.283666835774013859e-02
1.091247285982391291e-02
1.211587181704562718e-03
-1.312355810949818700e-02
9.151961472546196741e-03
-1.654957517488657914e-03
9.600522669653185556e-03
4.860582584348125887e-03
-2.597111880523413768e-02
-1.228099879928502489e-02
-1.866881525826228835e-02
1.045208910975578770e-03
1.558297185205713767e-02
6.974478186068298023e-03
-1.343133400455398356e-02
5.143609480228955068e-03
-9.619697560267684647e-03
-8.157371468423952037e-04
2.114048851326180700e-02
2.048268589998259240e-02
-9.801302582777992115e-03
5.301951095411251008e-03
5.083528605009851381e-04
-2.102737479927990760e-02
1.224502261498686476e-02
-5.753904930161517911e-03
-5.985181575174454080e-03
-5.231263405213832859e-03
-8.197105623643667627e-03
-7.427078130832868996e-03
-3.946520267910728560e-03
-9.784405297703493293e-03
1.921462374100854978e-02
-6.127664460187998499e-03
-7.703427346071916454e-03
-7.997439166254840040e-03
-1.089520974363976727e-03
-1.652420305396821304e-02
-1.474275653619577450e-02
-2.296168777963306963e-03
-3.369418177645777321e-03
-2.286524268253099703e-03
2.709757598996369657e-02
-1.265494244458058477e-02
-2.247000797402233518e-02
-3.878361017192810851e-03
1.562365984540784640e-03
1.487714624157499173e-02
-7.315287149695444587e-03
-1.386262007385237688e-04
2.459374684699265883e-03
1.891520236541438527e-02
-6.233348375764812812e-04
-5.673503240804441371e-03
-4.725430189642801544e-03
7.602651663581757452e-03
-1.788217529823520708e-03
1.255753594008767599e-02
-1.305476456625838562e-03
-2.241432265139222443e-03
3.277004041616462041e-03
2.609866476497535621e-03
3.639321635666084055e-03
-1.368562543551897839e-02
-3.477514527651565795e-02
-7.177190866365273751e-03
-2.052371900306332667e-02
-2.432559067357301531e-03
2.267642719835786733e-03
-1.820908384834274071e-02
1.183634567555022672e-02
2.002122061714729090e-02
1.260484250986611352e-03
4.714844922469384886e-03
5.379715781207966563e-03
7.313392026407435423e-03
3.169616506349319345e-03
1.517506460659317699e-02
1.183186846077997206e-02
2.014237718899662341e-02
9.634264741307496313e-03
-4.367055220073603333e-03
-9.633343164717082796e-03
-1.169269899403964190e-02
-2.300048268863631729e-02
1.568242290027400260e-02
-4.177557260907328006e-03
-1.129623143413209345e-02
-1.792172470110917765e-02
2.640202204287875332e-02
2.617765630692430595e-02
3.206617714506409395e-02
-5.727265907994181192e-03
-7.984996857947675587e-05
-1.288921951826473879e-02
1.536986988760825901e-02
-7.471819979526706478e-03
-1.728449759526872603e-02
-2.869419448319672841e-02
-1.409446471714822027e-02
1.378185968653248411e-02
2.754769042746247135e-02
-3.006084280485469065e-02
-1.401894391225479326e-02
2.207236161456420029e-02
-3.809170030693099281e-04
-1.986879124161078369e-02
7.566848715033904632e-03
1.590929985314694720e-02
-1.659209393725491130e-02
1.679735428513501674e-02
-3.172813411712926274e-02
8.901589367580066111e-04
-1.850376078125019405e-02
1.758385171209157424e-02
1.831794748619607754e-02
-1.441505751233938988e-02
-2.224483151409437694e-03
-1.358482565287500582e-02
2.266155514884286848e-02
-3.499206270212618271e-03
-1.171105421761887977e-02
-4.283781210200749128e-04
-4.016677808467019641e-03
-6.534040623601424479e-03
2.929148492868967335e-03
1.682661608605530434e-02
8.970370787409540428e-03
-3.677225449465557072e-02
1.925046772627536651e-02
6.998384611889861551e-03
-1.947957557580082255e-04
1.043364988597043040e-02
-2.643843646863182264e-03
-2.332486531608296901e-02
1.192402167371415904e-02
1.589718231250098444e-03
-9.188367221852494077e-03
5.152428827840823365e-03
5.351385141796711695e-04
1.272737607608909714e-02
-9.630316290730047551e-03
1.286138604337861042e-02
-4.942984627290540785e-03
-2.642172455132868816e-02
4.561786048621649207e-03
7.415554041637584422e-03
-1.140740604223168531e-02
1.198450666603505677e-03
-4.377400943130538118e-03
1.416544990097426057e-02
-7.197350447606149990e-03
-1.292261987461931771e-02
-5.989025926643317885e-03
2.475959675008321172e-03
-2.327415510874548607e-03
3.092419050597784019e-02
3.507216622834764819e-02
-1.313531855746492838e-02
7.081608247989037812e-03
-6.321849883331601486e-03
-2.288579523326476559e-02
-3.303422086317663736e-02
8.615119185873539726e-03
-5.132510717295081688e-03
8.816842283667709196e-03
-5.153011063449123436e-03
-1.339157512685423129e-02
-1.398086906011553054e-02
-3.365116088734873643e-03
1.663299093886917365e-02
-2.642384970734514005e-02
-8.874936734199215249e-03
-3.152648512742251951e-03
1.865395142975397741e-02
9.233971150115635740e-03
-7.609491597379143893e-03
1.678487962316233678e-02
1.505076770568123572e-03
-2.000127143718742964e-02
-2.104751696478147222e-02
-8.092648332652278365e-05
-2.178079163260247461e-02
3.235924757858214124e-02
-2.077381361552918637e-05
-5.370311634606268585e-04
2.123944076374666579e-03
-1.455198545273373410e-02
6.216318649380611107e-03
-9.159334894321252349e-03
1.233417122886572813e-02
1.802549253462693360e-02
3.978206594390443684e-05
2.547979929706163313e-02
2.193751805407075095e-02
-2.236534508491055072e-04
-7.560320872426685296e-03
3.326810610302960436e-02
-1.730638336544173400e-02
-3.627845225438231652e-03
1.710574942869752188e-03
-2.480027527790723552e-03
-1.988929551711045730e-03
1.511053625290184697e-03
1.454606223271178757e-02
-4.065877558807248489e-04
3.252971063059329794e-03
-1.177009647399117863e-02
4.611702112382684397e-03
-3.874202592367871970e-03
5.284209566868008912e-03
4.882481049160234191e-03
