-3.237257057960811479e-02
5.660142145460250566e-03
-1.579538107241144212e-02
-1.941829498750068800e-02
3.153948977514858809e-02
3.277471301379765445e-02
3.408720272942947910e-02
1.478240887836707040e-02
-3.946103827646068284e-03
-2.957881013798412465e-02
1.306491455233357206e-03
2.011747826751811991e-02
-1.667667743538710570e-02
1.043918485726011425e-02
8.210668578524813951e-04
-1.964358801284574185e-02
-2.780323620348535557e-02
4.551722743590336457e-04
-1.135235844056669066e-02
1.119645735702067858e-02
3.147178040488313178e-02
-7.624470279930130453e-04
-2.580574795322699774e-02
3.312639944188595226e-02
-2.845669883580340120e-02
-4.046812058950405994e-02
-1.308587873136131050e-02
8.288502194012160179e-03
-3.714289297569990655e-02
-1.975282773309791282e-02
1.993536042562123189e-02
-4.992379164871627549e-03
4.386416049304545789e-02
2.028810250924107522e-02
-2.603722550630770821e-02
-2.245813820004091341e-02
-2.321861045569140192e-02
-2.994484241665423818e-02
2.444007564105753899e-02
3.385794476141449488e-02
2.461218396526129726e-02
3.116148069179935920e-02
-2.309194626166428260e-02
6.596200716206567123e-03
-2.312444385882027331e-02
3.266732666888763625e-02
-1.877651423575849368e-02
-9.870250713824696084e-03
9.274577379956147269e-03
-7.544700739536201045e-03
5.566398764266343099e-03
1.462580843081427023e-02
-3.313690441841438822e-02
-1.908049102583056142e-02
-2.976773927911383413e-02
-3.650016025303807077e-03
3.467445555263379275e-02
2.928860912465823096e-03
-2.842401054549863887e-02
7.872211995906390827e-03
1.441262794858784490e-03
1.186527574182731463e-02
2.664187530274529994e-02
2.468092125074099197e-02
-1.590504168155975825e-02
2.263299465862546322e-02
-4.515256572699102161e-03
-3.475025709354596232e-02
2.738934640807729262e-02
5.952460081107145869e-04
-1.370342736533264154e-02
-1.417986994257023833e-02
3.313025651448274055e-03
3.644343927215806279e-03
4.727637243230525810e-03
-1.648836764715221406e-02
3.299885659852851150e-02
-9.100186739056688803e-03
-2.465481267285110287e-02
-1.852274722354268002e-02
-5.644064198464015039e-04
-2.302337219614410818e-02
-2.810669125967706419e-02
2.553703874855512505e-05
-4.826214945996666963e-03
-1.625381875610261775e-03
3.033192229114762065e-02
-2.828540255829488717e-02
-3.565688978566415590e-02
-1.245770181100396522e-02
-1.706092624808510467e-03
1.988268481984102262e-02
-1.255902955457712314e-02
9.987694586633615035e-03
-9.070417597969254730e-03
2.029806736870741132e-02
-2.099885595492608902e-03
-1.265732940960023062e-02
-6.082195556613772744e-03
1.328654228152002618e-02
-1.011568914082432505e-02
1.000120228468292377e-02
2.734330226526530700e-03
3.172381952121193244e-03
5.874295158007124609e-03
3.641629221665402573e-03
1.757892237716431744e-02
-2.054400990120749254e-02
-6.010799216223718100e-02
-1.284676728218252066e-02
-4.110676373645086312e-02
7.373864023149243746e-03
1.701544312353565468e-03
-2.554260158409082243e-02
1.178035617266787009e-02
3.394595074604780938e-02
9.890525977641246441e-03
1.157380994176180657e-02
5.062846256154145824e-03
1.450898287120891243e-02
-1.021565079069912830e-03
2.439790346968173998e-02
5.492568602575490129e-03
2.450470390302977169e-02
1.307522064817900898e-02
-9.711015881944942349e-03
-1.898348636496435468e-02
-1.613820158604323957e-02
-4.390392773232944246e-02
1.952281667954765265e-02
-6.437413247279925171e-03
-1.950518736008803947e-02
-3.005799261447554202e-02
4.780471003731080054e-02
5.392230870161773132e-02
5.654563043746405754e-02
-1.199551555902396253e-02
2.203529953688292478e-03
-1.291374443152904297e-02
2.775681175030140710e-02
-4.552136293546321828e-03
-3.052693905086298343e-02
-5.814529245679928016e-02
-2.392967458619947585e-02
3.248778607199916818e-02
2.538356906942665706e-02
-4.723718931739651766e-02
-1.441252662654849033e-02
4.895003162816951442e-02
-5.743690493426807306e-03
-2.236415566936674967e-02
7.478019136231284746e-03
2.735149460382774525e-02
-3.706455190629606017e-02
2.158890137708684848e-02
-4.679372146470171800e-02
4.314254580938444925e-03
-2.370464938462096480e-02
1.762519611677814194e-02
2.705370260187940287e-02
-1.832624173503398859e-02
-1.919748935174041271e-03
-1.965451209427943047e-02
3.386233947670568706e-02
-6.693070423116978702e-03
-2.365272188740819362e-02
-6.452782294163613395e-03
1.038573068663740419e-02
-1.365075216952441745e-02
-1.556609848653513206e-02
1.910464362525026230e-02
9.682585928512624923e-03
-5.664334437767045566e-02
2.877846107859908034e-02
4.029546484277298120e-03
9.776905793758321889e-03
1.929213096847230344e-02
-6.631951796594174817e-03
-5.361801100149463095e-02
2.822509518618843485e-02
1.152286613466918692e-02
-1.834172912168933675e-02
2.044915462624977837e-02
-2.073260068296521944e-02
2.380053681843261743e-02
-1.778065508346665657e-02
3.873816940367489497e-02
1.855258897523663934e-03
-4.952500835306909016e-02
7.080455647508848878e-03
1.932548524206179758e-02
-2.320720599944695733e-02
1.021822496316450533e-03
-2.629828449977295729e-02
2.676896682738618555e-02
-1.711664730657435143e-02
-1.779582609463131737e-02
-1.470891090266517043e-02
-8.534315166209791373e-03
1.783053146485330748e-03
2.819935551272063565e-02
4.881440840957523147e-02
-2.561242634644387423e-03
1.859197570319321910e-02
-1.288613812954531555e-02
-3.577900662306227053e-02
-4.331236103454664393e-02
2.303112150952905252e-02
-1.225511693909075647e-02
7.809536652403503351e-03
-1.078208449056500262e-02
-2.728872337756231906e-02
-3.181915769266203953e-02
-1.946922793537351690e-02
2.548172848650349584e-02
-4.035024969659912336e-02
-1.056116085367401515e-02
-4.466849787688180473e-03
3.887267656697886847e-02
1.628717423338123249e-02
-6.097272864813560976e-03
2.456798400136547475e-02
1.242003206957789825e-02
-4.432810769095815034e-02
-1.290770319904473509e-02
-6.055903954561570046e-03
-1.813218280839323446e-02
4.907783584871573679e-02
-1.422217401213181310e-03
-7.743396581379622876e-03
1.285168581991022376e-03
-9.600231108306774008e-03
-6.677311913842503199e-04
1.686288367463373078e-03
2.499758806958184490e-02
3.802014237023517568e-02
5.319365187034012787e-03
4.421373306169192746e-02
3.003969111354781382e-02
5.505168792194623656e-03
-1.910276245817917398e-02
4.862046604083893053e-02
-3.508006833859434598e-02
-1.763184165413329623e-03
-9.678419160698620489e-05
-2.709444004682357455e-03
-1.362600454298151971e-02
1.192960786705816491e-02
2.987158289362863359e-02
8.989028887375122637e-03
5.391777990331687691e-03
-1.602736107350110142e-02
7.672524772451276565e-03
-8.675574740718143205e-03
1.067181807439083335e-02
1.028817560562760025e-02
