-8.485623569878314107e-03
-1.755837103466300134e-02
2.812356073082140917e-02
-1.788183818285830548e-02
1.529211016923563704e-02
4.448714126394027259e-05
2.205900672006061783e-02
1.225790266914765676e-02
1.677229611724362053e-03
2.375750096646278911e-03
5.548226759488654979e-03
-3.152762721013013109e-02
7.791755354493829291e-03
-5.866658656185871554e-03
2.446038502750430576e-04
4.366845356311235132e-03
-2.027852980491464882e-02
1.086010202576710541e-02
-1.057292497143149821e-03
1.070984133497118366e-04
1.969780420525882661e-02
9.229086980665695411e-03
-2.497430094311677007e-02
-6.589425850466011300e-03
5.282097439556616286e-03
1.746162550026926497e-02
-7.423828279011622337e-03
1.400512784671046826e-02
2.379064174937997947e-02
1.079830314038051665e-02
-1.097860543189670482e-02
2.392066598096234415e-03
-1.242323764617862467e-02
6.743087304380549450e-03
-1.317639943697403865e-02
-1.508616549087288261e-02
-1.138027676070403442e-02
-2.186484140194419102e-04
-6.639569801733658308e-03
-2.640318446274191651e-03
-1.831773229766392105e-02
-5.879985462144031276e-03
8.292478019054786223e-03
-2.047370181576294110e-03
-3.485129181091776562e-03
-1.350380830131957428e-02
2.044372372944334992e-02
-1.288570819268161464e-02
4.643668469380986437e-03
4.554506767975323900e-04
7.815040852933934079e-03
-7.624663516705186344e-05
-2.376133812383737776e-02
-1.029382977337383459e-02
1.330915275016646615e-03
1.383678107471369642e-02
-1.883889146351724192e-02
9.870108110077491226e-03
2.386154923624974819e-03
1.344140079555858867e-02
-1.221360081362250771e-02
-1.065422106844221561e-02
1.895076016907061567e-02
6.517359172053913997e-03
-3.998883694667784185e-03
-2.380723476519108067e-02
8.059946509431115472e-03
3.126121734645154106e-03
-1.346655788185714686e-02
-1.353688800095653559e-02
1.502539514800871681e-02
-1.150378310689199358e-02
-2.092835425104756439e-02
-2.078582641741459278e-02
-1.831766020539168233e-02
-2.397261576284285406e-03
-2.867492557513648985e-04
-1.005437888547566338e-03
2.124656996576825690e-02
3.075623345409966673e-03
-8.967678219802427972e-04
-8.607202851175912300e-03
2.207386071924681038e-03
-5.740230583689978974e-04
-9.839840961419618268e-03
1.893953854528816934e-03
2.444881035923629486e-02
9.049186107999970807e-03
-8.405348801306134496e-04
9.861890826625301087e-03
1.093087886474294543e-02
1.035826967152508708e-02
3.155049512214389007e-03
-1.283516684027797422e-02
2.629457880547294082e-02
1.911752016065478010e-02
3.363127542949882146e-03
9.225173402399882219e-03
-6.597270392745326409e-03
-1.749481754880263980e-03
9.604408345331371180e-03
1.306336215796365281e-02
-1.086870621279091564e-02
-7.452030933842600582e-03
3.290920531431325725e-03
2.004522396030038959e-03
-1.261951047743197808e-02
8.082352401760296151e-03
-8.857655604376844447e-03
-2.967124135708762607e-03
1.277007760694936350e-02
-8.874390857922432110e-03
5.430375113328320992e-03
-7.545063726785940748e-03
7.270802506459158286e-03
-9.061891778649855400e-03
-6.183934406302320219e-03
-3.034772685475367257e-03
3.407073026648485114e-03
1.678741784357863469e-03
3.764306702867355279e-03
8.742548594196087458e-03
2.679189637103884802e-02
8.313712421121830995e-03
1.404830047187997574e-02
4.277764812417770950e-03
9.091373801790026549e-03
-7.862388517476967195e-03
5.785062365706994739e-03
4.114789342203399938e-03
2.439531492523767855e-03
-1.747153188545379167e-03
4.940183754325482620e-04
4.530533395888484429e-04
-3.064099170082242810e-03
5.624469521124545666e-05
1.103926681986973878e-02
-1.812082030022708901e-02
-1.833032965586230134e-02
-6.219230429927362878e-03
-1.321077750484641287e-02
4.787104704766977775e-03
5.337094692036767861e-03
-4.921071978180768108e-03
-3.964854969523225886e-03
3.192521510175991284e-02
-1.515592832204268152e-02
-6.735169375807729605e-03
-4.113832539407723775e-03
1.196886363882171574e-02
-2.141872667513384718e-02
4.612939084016672887e-03
3.489310234261053072e-03
6.465012267714796527e-03
1.339913506516268726e-02
-2.280306894297980461e-02
-2.147295918725626411e-03
-6.251784322596184822e-03
1.296072596171344606e-02
1.347324966731939383e-02
-1.732208114642514937e-02
8.886365260561818885e-03
-1.075383154523939025e-02
9.985373895328298124e-03
4.986667206546849251e-03
-8.494806917033725089e-05
1.769411735691860110e-02
-2.292624950594299854e-02
-5.249053829266991933e-03
1.976401611163046065e-02
1.122006020980080565e-02
1.112441769357817682e-02
-1.147532530858767080e-02
-1.413622803085531031e-03
8.474622214914349569e-03
-1.573875236232905386e-02
6.966164448881639708e-03
5.615424760992086123e-03
1.449865525789613245e-02
-9.186923138583680606e-03
-1.941122410752121191e-02
-1.464549226991665801e-03
-1.129277374191338910e-02
2.302973201308976953e-02
3.976530867508977669e-03
-1.207447402398640398e-03
-1.323985591687802665e-02
-1.505019586936805556e-02
-2.128040091751250140e-03
-7.970233076201631989e-03
-3.805612242064326800e-03
8.878652781460829322e-04
7.502646800833569565e-03
1.390142644379705784e-02
-7.909641241989099139e-03
-2.819178096681627748e-04
-5.832487475678033335e-03
3.776434189137463024e-03
1.772811456615951131e-02
7.392257841525618238e-04
3.179697793497607977e-02
9.507027953594246461e-03
-2.446601662299301150e-02
-1.081305479583197400e-02
6.442688646189367006e-03
2.947330585409760340e-04
-1.269462672404169865e-02
-1.671222632494808466e-03
2.592361544398822954e-03
2.219288393760304560e-03
1.282802691399750157e-03
6.115869845546938362e-03
3.761755861256039449e-03
2.442736667369424866e-02
5.494694215683156718e-03
-1.049527837974070094e-02
-5.126175480005568455e-03
-2.558834341906908883e-03
-9.050712634407636487e-03
-3.503495179625813164e-04
-1.282907176812717043e-02
5.534564980098355402e-03
-1.515807699103893964e-02
7.229319977323905508e-03
-3.294794020650310823e-02
1.107839467922669234e-02
-2.745519773902201435e-02
-1.136110084824559123e-03
8.329988400392255785e-03
1.002699741104457962e-02
3.947662753980758798e-04
-2.791742590603432314e-02
1.125601610909828486e-02
-2.963550951803141723e-02
4.842726529477214999e-04
-8.033064747332788885e-03
-7.702332440736984337e-03
1.204648228112272478e-02
2.019158291742031985e-02
-3.361786848249165641e-03
-5.605659331155400877e-04
7.875952923402576925e-03
1.596926278433828976e-03
-2.378968617017316982e-04
-1.976258877287879329e-03
-3.637976877197966839e-03
1.448352909606274476e-02
-7.189415580145399817e-03
2.887768034639973808e-03
-1.417212807328568219e-02
-4.740376577611425842e-03
-1.235891945157115666e-02
2.967763693352887255e-03
-3.620351787783068005e-04
3.894520910517476142e-04
-2.126190550043176395e-03
